000000033300010022000000000033300010022000000000033300010022000000000033300010022000
033300033300000022000033300033300000022000033300033300000022000033300033300000022000
033300033300220000000033300033300220000000033300033300220000000033300033300220000000
033300000000220100000033300000000220100000033300000000220100000033300000000220100000
000002200000000033300000002200000000033300000002200000000033300000002200000000033300
010002200000000033300010002200000000033300010002200000000033300010002200000000033300
000000003330000033300000000003330000033300000000003330000033300000000003330000033300
001000003330000000000001000003330000000000001000003330000000000001000003330000000000
000022003330000000000000022003330000000000000022003330000000000000022003330000000000
000022000000000033300000022000000000033300000022000000000033300000022000000000033300
022000000000010033300022000000000010033300022000000000010033300022000000000010033300
022033300220000033300022033300220000033300022033300220000033300022033300220000033300
000033300220000033300000033300220000033300000033300220000033300000033300220000033300
000033300000220033300000033300000220033300000033300000220033300000033300000220033300
333000000000220033300333000000000220033300333000000000220033300333000000000220033300
333000333000000000000333000333000000000000333000333000000000000333000333000000000000
333000333000000000000333000333000000000000333000333000000000000333000333000000000000
000000333002200002200000000333002200002200000000333002200002200000000333002200002200
022000001002200002200022000001002200002200022000001002200002200022000001002200002200
022010000000000100000022010000000000100000022010000000000100000022010000000000100000
011000011100011100110011000011100011100110011000011100011100110011000011100011100110
000000033300010022000000000033300010022000000000033300010022000000000033300010022000
033300033300000022000033300033300000022000033300033300000022000033300033300000022000
033300033300220000000033300033300220000000033300033300220000000033300033300220000000
033300000000220100000033300000000220100000033300000000220100000033300000000220100000
000002200000000033300000002200000000033300000002200000000033300000002200000000033300
010002200000000033300010002200000000033300010002200000000033300010002200000000033300
000000003330000033300000000003330000033300000000003330000033300000000003330000033300
001000003330000000000001000003330000000000001000003330000000000001000003330000000000
000022003330000000000000022003330000000000000022003330000000000000022003330000000000
000022000000000033300000022000000000033300000022000000000033300000022000000000033300
022000000000010033300022000000000010033300022000000000010033300022000000000010033300
022033300220000033300022033300220000033300022033300220000033300022033300220000033300
000033300220000033300000033300220000033300000033300220000033300000033300220000033300
000033300000220033300000033300000220033300000033300000220033300000033300000220033300
333000000000220033300333000000000220033300333000000000220033300333000000000220033300
333000333000000000000333000333000000000000333000333000000000000333000333000000000000
333000333000000000000333000333000000000000333000333000000000000333000333000000000000
000000333002200002200000000333002200002200000000333002200002200000000333002200002200
022000001002200002200022000001002200002200022000001002200002200022000001002200002200
022010000000000100000022010000000000100000022010000000000100000022010000000000100000
011000011100011100110011000011100011100110011000011100011100110011000011100011100110
000000033300010022000000000033300010022000000000033300010022000000000033300010022000
033300033300000022000033300033300000022000033300033300000022000033300033300000022000
033300033300220000000033300033300220000000033300033300220000000033300033300220000000
033300000000220100000033300000000220100000033300000000220100000033300000000220100000
000002200000000033300000002200000000033300000002200000000033300000002200000000033300
010002200000000033300010002200000000033300010002200000000033300010002200000000033300
000000003330000033300000000003330000033300000000003330000033300000000003330000033300
001000003330000000000001000003330000000000001000003330000000000001000003330000000000
000022003330000000000000022003330000000000000022003330000000000000022003330000000000
000022000000000033300000022000000000033300000022000000000033300000022000000000033300
022000000000010033300022000000000010033300022000000000010033300022000000000010033300
022033300220000033300022033300220000033300022033300220000033300022033300220000033300
000033300220000033300000033300220000033300000033300220000033300000033300220000033300
000033300000220033300000033300000220033300000033300000220033300000033300000220033300
333000000000220033300333000000000220033300333000000000220033300333000000000220033300
333000333000000000000333000333000000000000333000333000000000000333000333000000000000
333000333000000000000333000333000000000000333000333000000000000333000333000000000000
000000333002200002200000000333002200002200000000333002200002200000000333002200002200
022000001002200002200022000001002200002200022000001002200002200022000001002200002200
022010000000000100000022010000000000100000022010000000000100000022010000000000100000
011000011100011100110011000011100011100110011000011100011100110011000011100011100110
000000033300010022000000000033300010022000000000033300010022000000000033300010022000
033300033300000022000033300033300000022000033300033300000022000033300033300000022000
033300033300220000000033300033300220000000033300033300220000000033300033300220000000
033300000000220100000033300000000220100000033300000000220100000033300000000220100000
000002200000000033300000002200000000033300000002200000000033300000002200000000033300
010002200000000033300010002200000000033300010002200000000033300010002200000000033300
000000003330000033300000000003330000033300000000003330000033300000000003330000033300
001000003330000000000001000003330000000000001000003330000000000001000003330000000000
000022003330000000000000022003330000000000000022003330000000000000022003330000000000
000022000000000033300000022000000000033300000022000000000033300000022000000000033300
022000000000010033300022000000000010033300022000000000010033300022000000000010033300
022033300220000033300022033300220000033300022033300220000033300022033300220000033300
000033300220000033300000033300220000033300000033300220000033300000033300220000033300
000033300000220033300000033300000220033300000033300000220033300000033300000220033300
333000000000220033300333000000000220033300333000000000220033300333000000000220033300
333000333000000000000333000333000000000000333000333000000000000333000333000000000000
333000333000000000000333000333000000000000333000333000000000000333000333000000000000
000000333002200002200000000333002200002200000000333002200002200000000333002200002200
022000001002200002200022000001002200002200022000001002200002200022000001002200002200
022010000000000100000022010000000000100000022010000000000100000022010000000000100000
011000011100011100110011000011100011100110011000011100011100110011000011100011100110